2.37 132.8
2.59 68.6
2.66 82.7
2.68 137.5
2.74 84.6
2.78 42.2
2.81 89
2.84 106
2.83 70
2.86 84.2
2.87 93.5
2.87 65.7
2.88 53.5
2.88 84.4
2.89 76.8
2.9 76.1
2.91 112.3
2.91 49.7
2.93 84.5
2.94 76.7
2.99 94.5
3.04 67.3
3.05 59.4
3.09 66.1
3.1 67.4
3.11 23.8
3.12 129.6
3.14 82.4
3.15 51.6
3.16 104.9
3.19 52.5
3.19 79.4
3.21 65.6
3.21 112.4
3.22 112.2
3.22 50.1
3.23 50.1
3.24 52.1
3.24 64.7
3.25 69.2
3.28 61.3
3.28 58.8
3.32 82.7
3.32 32.2
3.32 27.7
3.33 68
3.33 48.6
3.35 39.6
3.36 60.1
3.39 78.2
3.4 50.3
3.45 70.7
3.46 121.7
3.47 51.1
3.47 70.7
3.5 26.9
3.5 56.2
3.51 36.3
3.52 22.7
3.52 45.2
3.55 43.2
3.55 54.1
3.56 48.8
3.56 20.7
3.59 54.2
3.62 60.3
3.64 48.5
3.64 34.3
3.65 59.1
3.67 41.6
3.68 87
3.69 24.2
3.69 52.3
3.75 53.6
3.76 66.7
3.78 23.9
3.8 40.3
3.87 30.6
3.89 28
3.9 53.9
3.9 38.1
3.92 35.6
3.93 50
3.93 33.6
3.94 55.4
3.95 33.2
3.98 17.9
